/*--------------------------------*- C++ -*----------------------------------*\
  =========                 |
  \\      /  F ield         | OpenFOAM: The Open Source CFD Toolbox
   \\    /   O peration     | Website:  https://openfoam.org
    \\  /    A nd           | Version:  8
     \\/     M anipulation  |
\*---------------------------------------------------------------------------*/
FoamFile
{
    version     2.0;
    format      ascii;
    class       vectorField;
    location    "constant/polyMesh";
    object      points;
}
// * * * * * * * * * * * * * * * * * * * * * * * * * * * * * * * * * * * * * //


2404
(
(0 0 0)
(8.466666667e-05 0 0)
(0.0001693333333 0 0)
(0.000254 0 0)
(0.0003386666667 0 0)
(0.0004233333333 0 0)
(0.000508 0 0)
(0.0005926666667 0 0)
(0.0006773333333 0 0)
(0.000762 0 0)
(0.0008466666667 0 0)
(0.0009313333333 0 0)
(0.001016 0 0)
(0.001100666667 0 0)
(0.001185333333 0 0)
(0.00127 0 0)
(0.001354666667 0 0)
(0.001439333333 0 0)
(0.001524 0 0)
(0.001608666667 0 0)
(0.001693333333 0 0)
(0.001778 0 0)
(0.001862666667 0 0)
(0.001947333333 0 0)
(0.002032 0 0)
(0.002116666667 0 0)
(0.002201333333 0 0)
(0.002286 0 0)
(0.002370666667 0 0)
(0.002455333333 0 0)
(0.00254 0 0)
(0.002624666667 0 0)
(0.002709333333 0 0)
(0.002794 0 0)
(0.002878666667 0 0)
(0.002963333333 0 0)
(0.003048 0 0)
(0.003132666667 0 0)
(0.003217333333 0 0)
(0.003302 0 0)
(0.003386666667 0 0)
(0.003471333333 0 0)
(0.003556 0 0)
(0.003640666667 0 0)
(0.003725333333 0 0)
(0.00381 0 0)
(0.003894666667 0 0)
(0.003979333333 0 0)
(0.004064 0 0)
(0.004148666667 0 0)
(0.004233333333 0 0)
(0.004318 0 0)
(0.004402666667 0 0)
(0.004487333333 0 0)
(0.004572 0 0)
(0.004656666667 0 0)
(0.004741333333 0 0)
(0.004826 0 0)
(0.004910666667 0 0)
(0.004995333333 0 0)
(0.00508 0 0)
(0.005164666667 0 0)
(0.005249333333 0 0)
(0.005334 0 0)
(0.005418666667 0 0)
(0.005503333333 0 0)
(0.005588 0 0)
(0.005672666667 0 0)
(0.005757333333 0 0)
(0.005842 0 0)
(0.005926666667 0 0)
(0.006011333333 0 0)
(0.006096 0 0)
(0.006180666667 0 0)
(0.006265333333 0 0)
(0.00635 0 0)
(0.006434666667 0 0)
(0.006519333333 0 0)
(0.006604 0 0)
(0.006688666667 0 0)
(0.006773333333 0 0)
(0.006858 0 0)
(0.006942666667 0 0)
(0.007027333333 0 0)
(0.007112 0 0)
(0.007196666667 0 0)
(0.007281333333 0 0)
(0.007366 0 0)
(0.007450666667 0 0)
(0.007535333333 0 0)
(0.00762 0 0)
(0.007704666667 0 0)
(0.007789333333 0 0)
(0.007874 0 0)
(0.007958666667 0 0)
(0.008043333333 0 0)
(0.008128 0 0)
(0.008212666667 0 0)
(0.008297333333 0 0)
(0.008382 0 0)
(0.008466666667 0 0)
(0.008551333333 0 0)
(0.008636 0 0)
(0.008720666667 0 0)
(0.008805333333 0 0)
(0.00889 0 0)
(0.008974666667 0 0)
(0.009059333333 0 0)
(0.009144 0 0)
(0.009228666667 0 0)
(0.009313333333 0 0)
(0.009398 0 0)
(0.009482666667 0 0)
(0.009567333333 0 0)
(0.009652 0 0)
(0.009736666667 0 0)
(0.009821333333 0 0)
(0.009906 0 0)
(0.009990666667 0 0)
(0.01007533333 0 0)
(0.01016 0 0)
(0.01024466667 0 0)
(0.01032933333 0 0)
(0.010414 0 0)
(0.01049866667 0 0)
(0.01058333333 0 0)
(0.010668 0 0)
(0.01075266667 0 0)
(0.01083733333 0 0)
(0.010922 0 0)
(0.01100666667 0 0)
(0.01109133333 0 0)
(0.011176 0 0)
(0.01126066667 0 0)
(0.01134533333 0 0)
(0.01143 0 0)
(0.01151466667 0 0)
(0.01159933333 0 0)
(0.011684 0 0)
(0.01176866667 0 0)
(0.01185333333 0 0)
(0.011938 0 0)
(0.01202266667 0 0)
(0.01210733333 0 0)
(0.012192 0 0)
(0.01227666667 0 0)
(0.01236133333 0 0)
(0.012446 0 0)
(0.01253066667 0 0)
(0.01261533333 0 0)
(0.0127 0 0)
(0.01278466667 0 0)
(0.01286933333 0 0)
(0.012954 0 0)
(0.01303866667 0 0)
(0.01312333333 0 0)
(0.013208 0 0)
(0.01329266667 0 0)
(0.01337733333 0 0)
(0.013462 0 0)
(0.01354666667 0 0)
(0.01363133333 0 0)
(0.013716 0 0)
(0.01380066667 0 0)
(0.01388533333 0 0)
(0.01397 0 0)
(0.01405466667 0 0)
(0.01413933333 0 0)
(0.014224 0 0)
(0.01430866667 0 0)
(0.01439333333 0 0)
(0.014478 0 0)
(0.01456266667 0 0)
(0.01464733333 0 0)
(0.014732 0 0)
(0.01481666667 0 0)
(0.01490133333 0 0)
(0.014986 0 0)
(0.01507066667 0 0)
(0.01515533333 0 0)
(0.01524 0 0)
(0.01532466667 0 0)
(0.01540933333 0 0)
(0.015494 0 0)
(0.01557866667 0 0)
(0.01566333333 0 0)
(0.015748 0 0)
(0.01583266667 0 0)
(0.01591733333 0 0)
(0.016002 0 0)
(0.01608666667 0 0)
(0.01617133333 0 0)
(0.016256 0 0)
(0.01634066667 0 0)
(0.01642533333 0 0)
(0.01651 0 0)
(0.01659466667 0 0)
(0.01667933333 0 0)
(0.016764 0 0)
(0.01684866667 0 0)
(0.01693333333 0 0)
(0.017018 0 0)
(0.01710266667 0 0)
(0.01718733333 0 0)
(0.017272 0 0)
(0.01735666667 0 0)
(0.01744133333 0 0)
(0.017526 0 0)
(0.01761066667 0 0)
(0.01769533333 0 0)
(0.01778 0 0)
(0.01786466667 0 0)
(0.01794933333 0 0)
(0.018034 0 0)
(0.01811866667 0 0)
(0.01820333333 0 0)
(0.018288 0 0)
(0.01837266667 0 0)
(0.01845733333 0 0)
(0.018542 0 0)
(0.01862666667 0 0)
(0.01871133333 0 0)
(0.018796 0 0)
(0.01888066667 0 0)
(0.01896533333 0 0)
(0.01905 0 0)
(0.01913466667 0 0)
(0.01921933333 0 0)
(0.019304 0 0)
(0.01938866667 0 0)
(0.01947333333 0 0)
(0.019558 0 0)
(0.01964266667 0 0)
(0.01972733333 0 0)
(0.019812 0 0)
(0.01989666667 0 0)
(0.01998133333 0 0)
(0.020066 0 0)
(0.02015066667 0 0)
(0.02023533333 0 0)
(0.02032 0 0)
(0.02040466667 0 0)
(0.02048933333 0 0)
(0.020574 0 0)
(0.02065866667 0 0)
(0.02074333333 0 0)
(0.020828 0 0)
(0.02091266667 0 0)
(0.02099733333 0 0)
(0.021082 0 0)
(0.02116666667 0 0)
(0.02125133333 0 0)
(0.021336 0 0)
(0.02142066667 0 0)
(0.02150533333 0 0)
(0.02159 0 0)
(0.02167466667 0 0)
(0.02175933333 0 0)
(0.021844 0 0)
(0.02192866667 0 0)
(0.02201333333 0 0)
(0.022098 0 0)
(0.02218266667 0 0)
(0.02226733333 0 0)
(0.022352 0 0)
(0.02243666667 0 0)
(0.02252133333 0 0)
(0.022606 0 0)
(0.02269066667 0 0)
(0.02277533333 0 0)
(0.02286 0 0)
(0.02294466667 0 0)
(0.02302933333 0 0)
(0.023114 0 0)
(0.02319866667 0 0)
(0.02328333333 0 0)
(0.023368 0 0)
(0.02345266667 0 0)
(0.02353733333 0 0)
(0.023622 0 0)
(0.02370666667 0 0)
(0.02379133333 0 0)
(0.023876 0 0)
(0.02396066667 0 0)
(0.02404533333 0 0)
(0.02413 0 0)
(0.02421466667 0 0)
(0.02429933333 0 0)
(0.024384 0 0)
(0.02446866667 0 0)
(0.02455333333 0 0)
(0.024638 0 0)
(0.02472266667 0 0)
(0.02480733333 0 0)
(0.024892 0 0)
(0.02497666667 0 0)
(0.02506133333 0 0)
(0.025146 0 0)
(0.02523066667 0 0)
(0.02531533333 0 0)
(0.0254 0 0)
(0.02548466667 0 0)
(0.02556933333 0 0)
(0.025654 0 0)
(0.02573866667 0 0)
(0.02582333333 0 0)
(0.025908 0 0)
(0.02599266667 0 0)
(0.02607733333 0 0)
(0.026162 0 0)
(0.02624666667 0 0)
(0.02633133333 0 0)
(0.026416 0 0)
(0.02650066667 0 0)
(0.02658533333 0 0)
(0.02667 0 0)
(0.02675466667 0 0)
(0.02683933333 0 0)
(0.026924 0 0)
(0.02700866667 0 0)
(0.02709333333 0 0)
(0.027178 0 0)
(0.02726266667 0 0)
(0.02734733333 0 0)
(0.027432 0 0)
(0.02751666667 0 0)
(0.02760133333 0 0)
(0.027686 0 0)
(0.02777066667 0 0)
(0.02785533333 0 0)
(0.02794 0 0)
(0.02802466667 0 0)
(0.02810933333 0 0)
(0.028194 0 0)
(0.02827866667 0 0)
(0.02836333333 0 0)
(0.028448 0 0)
(0.02853266667 0 0)
(0.02861733333 0 0)
(0.028702 0 0)
(0.02878666667 0 0)
(0.02887133333 0 0)
(0.028956 0 0)
(0.02904066667 0 0)
(0.02912533333 0 0)
(0.02921 0 0)
(0.02929466667 0 0)
(0.02937933333 0 0)
(0.029464 0 0)
(0.02954866667 0 0)
(0.02963333333 0 0)
(0.029718 0 0)
(0.02980266667 0 0)
(0.02988733333 0 0)
(0.029972 0 0)
(0.03005666667 0 0)
(0.03014133333 0 0)
(0.030226 0 0)
(0.03031066667 0 0)
(0.03039533333 0 0)
(0.03048 0 0)
(0.03056466667 0 0)
(0.03064933333 0 0)
(0.030734 0 0)
(0.03081866667 0 0)
(0.03090333333 0 0)
(0.030988 0 0)
(0.03107266667 0 0)
(0.03115733333 0 0)
(0.031242 0 0)
(0.03132666667 0 0)
(0.03141133333 0 0)
(0.031496 0 0)
(0.03158066667 0 0)
(0.03166533333 0 0)
(0.03175 0 0)
(0.03183466667 0 0)
(0.03191933333 0 0)
(0.032004 0 0)
(0.03208866667 0 0)
(0.03217333333 0 0)
(0.032258 0 0)
(0.03234266667 0 0)
(0.03242733333 0 0)
(0.032512 0 0)
(0.03259666667 0 0)
(0.03268133333 0 0)
(0.032766 0 0)
(0.03285066667 0 0)
(0.03293533333 0 0)
(0.03302 0 0)
(0.03310466667 0 0)
(0.03318933333 0 0)
(0.033274 0 0)
(0.03335866667 0 0)
(0.03344333333 0 0)
(0.033528 0 0)
(0.03361266667 0 0)
(0.03369733333 0 0)
(0.033782 0 0)
(0.03386666667 0 0)
(0.03395133333 0 0)
(0.034036 0 0)
(0.03412066667 0 0)
(0.03420533333 0 0)
(0.03429 0 0)
(0.03437466667 0 0)
(0.03445933333 0 0)
(0.034544 0 0)
(0.03462866667 0 0)
(0.03471333333 0 0)
(0.034798 0 0)
(0.03488266667 0 0)
(0.03496733333 0 0)
(0.035052 0 0)
(0.03513666667 0 0)
(0.03522133333 0 0)
(0.035306 0 0)
(0.03539066667 0 0)
(0.03547533333 0 0)
(0.03556 0 0)
(0.03564466667 0 0)
(0.03572933333 0 0)
(0.035814 0 0)
(0.03589866667 0 0)
(0.03598333333 0 0)
(0.036068 0 0)
(0.03615266667 0 0)
(0.03623733333 0 0)
(0.036322 0 0)
(0.03640666667 0 0)
(0.03649133333 0 0)
(0.036576 0 0)
(0.03666066667 0 0)
(0.03674533333 0 0)
(0.03683 0 0)
(0.03691466667 0 0)
(0.03699933333 0 0)
(0.037084 0 0)
(0.03716866667 0 0)
(0.03725333333 0 0)
(0.037338 0 0)
(0.03742266667 0 0)
(0.03750733333 0 0)
(0.037592 0 0)
(0.03767666667 0 0)
(0.03776133333 0 0)
(0.037846 0 0)
(0.03793066667 0 0)
(0.03801533333 0 0)
(0.0381 0 0)
(0.03818466667 0 0)
(0.03826933333 0 0)
(0.038354 0 0)
(0.03843866667 0 0)
(0.03852333333 0 0)
(0.038608 0 0)
(0.03869266667 0 0)
(0.03877733333 0 0)
(0.038862 0 0)
(0.03894666667 0 0)
(0.03903133333 0 0)
(0.039116 0 0)
(0.03920066667 0 0)
(0.03928533333 0 0)
(0.03937 0 0)
(0.03945466667 0 0)
(0.03953933333 0 0)
(0.039624 0 0)
(0.03970866667 0 0)
(0.03979333333 0 0)
(0.039878 0 0)
(0.03996266667 0 0)
(0.04004733333 0 0)
(0.040132 0 0)
(0.04021666667 0 0)
(0.04030133333 0 0)
(0.040386 0 0)
(0.04047066667 0 0)
(0.04055533333 0 0)
(0.04064 0 0)
(0.04072466667 0 0)
(0.04080933333 0 0)
(0.040894 0 0)
(0.04097866667 0 0)
(0.04106333333 0 0)
(0.041148 0 0)
(0.04123266667 0 0)
(0.04131733333 0 0)
(0.041402 0 0)
(0.04148666667 0 0)
(0.04157133333 0 0)
(0.041656 0 0)
(0.04174066667 0 0)
(0.04182533333 0 0)
(0.04191 0 0)
(0.04199466667 0 0)
(0.04207933333 0 0)
(0.042164 0 0)
(0.04224866667 0 0)
(0.04233333333 0 0)
(0.042418 0 0)
(0.04250266667 0 0)
(0.04258733333 0 0)
(0.042672 0 0)
(0.04275666667 0 0)
(0.04284133333 0 0)
(0.042926 0 0)
(0.04301066667 0 0)
(0.04309533333 0 0)
(0.04318 0 0)
(0.04326466667 0 0)
(0.04334933333 0 0)
(0.043434 0 0)
(0.04351866667 0 0)
(0.04360333333 0 0)
(0.043688 0 0)
(0.04377266667 0 0)
(0.04385733333 0 0)
(0.043942 0 0)
(0.04402666667 0 0)
(0.04411133333 0 0)
(0.044196 0 0)
(0.04428066667 0 0)
(0.04436533333 0 0)
(0.04445 0 0)
(0.04453466667 0 0)
(0.04461933333 0 0)
(0.044704 0 0)
(0.04478866667 0 0)
(0.04487333333 0 0)
(0.044958 0 0)
(0.04504266667 0 0)
(0.04512733333 0 0)
(0.045212 0 0)
(0.04529666667 0 0)
(0.04538133333 0 0)
(0.045466 0 0)
(0.04555066667 0 0)
(0.04563533333 0 0)
(0.04572 0 0)
(0.04580466667 0 0)
(0.04588933333 0 0)
(0.045974 0 0)
(0.04605866667 0 0)
(0.04614333333 0 0)
(0.046228 0 0)
(0.04631266667 0 0)
(0.04639733333 0 0)
(0.046482 0 0)
(0.04656666667 0 0)
(0.04665133333 0 0)
(0.046736 0 0)
(0.04682066667 0 0)
(0.04690533333 0 0)
(0.04699 0 0)
(0.04707466667 0 0)
(0.04715933333 0 0)
(0.047244 0 0)
(0.04732866667 0 0)
(0.04741333333 0 0)
(0.047498 0 0)
(0.04758266667 0 0)
(0.04766733333 0 0)
(0.047752 0 0)
(0.04783666667 0 0)
(0.04792133333 0 0)
(0.048006 0 0)
(0.04809066667 0 0)
(0.04817533333 0 0)
(0.04826 0 0)
(0.04834466667 0 0)
(0.04842933333 0 0)
(0.048514 0 0)
(0.04859866667 0 0)
(0.04868333333 0 0)
(0.048768 0 0)
(0.04885266667 0 0)
(0.04893733333 0 0)
(0.049022 0 0)
(0.04910666667 0 0)
(0.04919133333 0 0)
(0.049276 0 0)
(0.04936066667 0 0)
(0.04944533333 0 0)
(0.04953 0 0)
(0.04961466667 0 0)
(0.04969933333 0 0)
(0.049784 0 0)
(0.04986866667 0 0)
(0.04995333333 0 0)
(0.050038 0 0)
(0.05012266667 0 0)
(0.05020733333 0 0)
(0.050292 0 0)
(0.05037666667 0 0)
(0.05046133333 0 0)
(0.050546 0 0)
(0.05063066667 0 0)
(0.05071533333 0 0)
(0.0508 0 0)
(0 0.02032 0)
(8.466666667e-05 0.02032 0)
(0.0001693333333 0.02032 0)
(0.000254 0.02032 0)
(0.0003386666667 0.02032 0)
(0.0004233333333 0.02032 0)
(0.000508 0.02032 0)
(0.0005926666667 0.02032 0)
(0.0006773333333 0.02032 0)
(0.000762 0.02032 0)
(0.0008466666667 0.02032 0)
(0.0009313333333 0.02032 0)
(0.001016 0.02032 0)
(0.001100666667 0.02032 0)
(0.001185333333 0.02032 0)
(0.00127 0.02032 0)
(0.001354666667 0.02032 0)
(0.001439333333 0.02032 0)
(0.001524 0.02032 0)
(0.001608666667 0.02032 0)
(0.001693333333 0.02032 0)
(0.001778 0.02032 0)
(0.001862666667 0.02032 0)
(0.001947333333 0.02032 0)
(0.002032 0.02032 0)
(0.002116666667 0.02032 0)
(0.002201333333 0.02032 0)
(0.002286 0.02032 0)
(0.002370666667 0.02032 0)
(0.002455333333 0.02032 0)
(0.00254 0.02032 0)
(0.002624666667 0.02032 0)
(0.002709333333 0.02032 0)
(0.002794 0.02032 0)
(0.002878666667 0.02032 0)
(0.002963333333 0.02032 0)
(0.003048 0.02032 0)
(0.003132666667 0.02032 0)
(0.003217333333 0.02032 0)
(0.003302 0.02032 0)
(0.003386666667 0.02032 0)
(0.003471333333 0.02032 0)
(0.003556 0.02032 0)
(0.003640666667 0.02032 0)
(0.003725333333 0.02032 0)
(0.00381 0.02032 0)
(0.003894666667 0.02032 0)
(0.003979333333 0.02032 0)
(0.004064 0.02032 0)
(0.004148666667 0.02032 0)
(0.004233333333 0.02032 0)
(0.004318 0.02032 0)
(0.004402666667 0.02032 0)
(0.004487333333 0.02032 0)
(0.004572 0.02032 0)
(0.004656666667 0.02032 0)
(0.004741333333 0.02032 0)
(0.004826 0.02032 0)
(0.004910666667 0.02032 0)
(0.004995333333 0.02032 0)
(0.00508 0.02032 0)
(0.005164666667 0.02032 0)
(0.005249333333 0.02032 0)
(0.005334 0.02032 0)
(0.005418666667 0.02032 0)
(0.005503333333 0.02032 0)
(0.005588 0.02032 0)
(0.005672666667 0.02032 0)
(0.005757333333 0.02032 0)
(0.005842 0.02032 0)
(0.005926666667 0.02032 0)
(0.006011333333 0.02032 0)
(0.006096 0.02032 0)
(0.006180666667 0.02032 0)
(0.006265333333 0.02032 0)
(0.00635 0.02032 0)
(0.006434666667 0.02032 0)
(0.006519333333 0.02032 0)
(0.006604 0.02032 0)
(0.006688666667 0.02032 0)
(0.006773333333 0.02032 0)
(0.006858 0.02032 0)
(0.006942666667 0.02032 0)
(0.007027333333 0.02032 0)
(0.007112 0.02032 0)
(0.007196666667 0.02032 0)
(0.007281333333 0.02032 0)
(0.007366 0.02032 0)
(0.007450666667 0.02032 0)
(0.007535333333 0.02032 0)
(0.00762 0.02032 0)
(0.007704666667 0.02032 0)
(0.007789333333 0.02032 0)
(0.007874 0.02032 0)
(0.007958666667 0.02032 0)
(0.008043333333 0.02032 0)
(0.008128 0.02032 0)
(0.008212666667 0.02032 0)
(0.008297333333 0.02032 0)
(0.008382 0.02032 0)
(0.008466666667 0.02032 0)
(0.008551333333 0.02032 0)
(0.008636 0.02032 0)
(0.008720666667 0.02032 0)
(0.008805333333 0.02032 0)
(0.00889 0.02032 0)
(0.008974666667 0.02032 0)
(0.009059333333 0.02032 0)
(0.009144 0.02032 0)
(0.009228666667 0.02032 0)
(0.009313333333 0.02032 0)
(0.009398 0.02032 0)
(0.009482666667 0.02032 0)
(0.009567333333 0.02032 0)
(0.009652 0.02032 0)
(0.009736666667 0.02032 0)
(0.009821333333 0.02032 0)
(0.009906 0.02032 0)
(0.009990666667 0.02032 0)
(0.01007533333 0.02032 0)
(0.01016 0.02032 0)
(0.01024466667 0.02032 0)
(0.01032933333 0.02032 0)
(0.010414 0.02032 0)
(0.01049866667 0.02032 0)
(0.01058333333 0.02032 0)
(0.010668 0.02032 0)
(0.01075266667 0.02032 0)
(0.01083733333 0.02032 0)
(0.010922 0.02032 0)
(0.01100666667 0.02032 0)
(0.01109133333 0.02032 0)
(0.011176 0.02032 0)
(0.01126066667 0.02032 0)
(0.01134533333 0.02032 0)
(0.01143 0.02032 0)
(0.01151466667 0.02032 0)
(0.01159933333 0.02032 0)
(0.011684 0.02032 0)
(0.01176866667 0.02032 0)
(0.01185333333 0.02032 0)
(0.011938 0.02032 0)
(0.01202266667 0.02032 0)
(0.01210733333 0.02032 0)
(0.012192 0.02032 0)
(0.01227666667 0.02032 0)
(0.01236133333 0.02032 0)
(0.012446 0.02032 0)
(0.01253066667 0.02032 0)
(0.01261533333 0.02032 0)
(0.0127 0.02032 0)
(0.01278466667 0.02032 0)
(0.01286933333 0.02032 0)
(0.012954 0.02032 0)
(0.01303866667 0.02032 0)
(0.01312333333 0.02032 0)
(0.013208 0.02032 0)
(0.01329266667 0.02032 0)
(0.01337733333 0.02032 0)
(0.013462 0.02032 0)
(0.01354666667 0.02032 0)
(0.01363133333 0.02032 0)
(0.013716 0.02032 0)
(0.01380066667 0.02032 0)
(0.01388533333 0.02032 0)
(0.01397 0.02032 0)
(0.01405466667 0.02032 0)
(0.01413933333 0.02032 0)
(0.014224 0.02032 0)
(0.01430866667 0.02032 0)
(0.01439333333 0.02032 0)
(0.014478 0.02032 0)
(0.01456266667 0.02032 0)
(0.01464733333 0.02032 0)
(0.014732 0.02032 0)
(0.01481666667 0.02032 0)
(0.01490133333 0.02032 0)
(0.014986 0.02032 0)
(0.01507066667 0.02032 0)
(0.01515533333 0.02032 0)
(0.01524 0.02032 0)
(0.01532466667 0.02032 0)
(0.01540933333 0.02032 0)
(0.015494 0.02032 0)
(0.01557866667 0.02032 0)
(0.01566333333 0.02032 0)
(0.015748 0.02032 0)
(0.01583266667 0.02032 0)
(0.01591733333 0.02032 0)
(0.016002 0.02032 0)
(0.01608666667 0.02032 0)
(0.01617133333 0.02032 0)
(0.016256 0.02032 0)
(0.01634066667 0.02032 0)
(0.01642533333 0.02032 0)
(0.01651 0.02032 0)
(0.01659466667 0.02032 0)
(0.01667933333 0.02032 0)
(0.016764 0.02032 0)
(0.01684866667 0.02032 0)
(0.01693333333 0.02032 0)
(0.017018 0.02032 0)
(0.01710266667 0.02032 0)
(0.01718733333 0.02032 0)
(0.017272 0.02032 0)
(0.01735666667 0.02032 0)
(0.01744133333 0.02032 0)
(0.017526 0.02032 0)
(0.01761066667 0.02032 0)
(0.01769533333 0.02032 0)
(0.01778 0.02032 0)
(0.01786466667 0.02032 0)
(0.01794933333 0.02032 0)
(0.018034 0.02032 0)
(0.01811866667 0.02032 0)
(0.01820333333 0.02032 0)
(0.018288 0.02032 0)
(0.01837266667 0.02032 0)
(0.01845733333 0.02032 0)
(0.018542 0.02032 0)
(0.01862666667 0.02032 0)
(0.01871133333 0.02032 0)
(0.018796 0.02032 0)
(0.01888066667 0.02032 0)
(0.01896533333 0.02032 0)
(0.01905 0.02032 0)
(0.01913466667 0.02032 0)
(0.01921933333 0.02032 0)
(0.019304 0.02032 0)
(0.01938866667 0.02032 0)
(0.01947333333 0.02032 0)
(0.019558 0.02032 0)
(0.01964266667 0.02032 0)
(0.01972733333 0.02032 0)
(0.019812 0.02032 0)
(0.01989666667 0.02032 0)
(0.01998133333 0.02032 0)
(0.020066 0.02032 0)
(0.02015066667 0.02032 0)
(0.02023533333 0.02032 0)
(0.02032 0.02032 0)
(0.02040466667 0.02032 0)
(0.02048933333 0.02032 0)
(0.020574 0.02032 0)
(0.02065866667 0.02032 0)
(0.02074333333 0.02032 0)
(0.020828 0.02032 0)
(0.02091266667 0.02032 0)
(0.02099733333 0.02032 0)
(0.021082 0.02032 0)
(0.02116666667 0.02032 0)
(0.02125133333 0.02032 0)
(0.021336 0.02032 0)
(0.02142066667 0.02032 0)
(0.02150533333 0.02032 0)
(0.02159 0.02032 0)
(0.02167466667 0.02032 0)
(0.02175933333 0.02032 0)
(0.021844 0.02032 0)
(0.02192866667 0.02032 0)
(0.02201333333 0.02032 0)
(0.022098 0.02032 0)
(0.02218266667 0.02032 0)
(0.02226733333 0.02032 0)
(0.022352 0.02032 0)
(0.02243666667 0.02032 0)
(0.02252133333 0.02032 0)
(0.022606 0.02032 0)
(0.02269066667 0.02032 0)
(0.02277533333 0.02032 0)
(0.02286 0.02032 0)
(0.02294466667 0.02032 0)
(0.02302933333 0.02032 0)
(0.023114 0.02032 0)
(0.02319866667 0.02032 0)
(0.02328333333 0.02032 0)
(0.023368 0.02032 0)
(0.02345266667 0.02032 0)
(0.02353733333 0.02032 0)
(0.023622 0.02032 0)
(0.02370666667 0.02032 0)
(0.02379133333 0.02032 0)
(0.023876 0.02032 0)
(0.02396066667 0.02032 0)
(0.02404533333 0.02032 0)
(0.02413 0.02032 0)
(0.02421466667 0.02032 0)
(0.02429933333 0.02032 0)
(0.024384 0.02032 0)
(0.02446866667 0.02032 0)
(0.02455333333 0.02032 0)
(0.024638 0.02032 0)
(0.02472266667 0.02032 0)
(0.02480733333 0.02032 0)
(0.024892 0.02032 0)
(0.02497666667 0.02032 0)
(0.02506133333 0.02032 0)
(0.025146 0.02032 0)
(0.02523066667 0.02032 0)
(0.02531533333 0.02032 0)
(0.0254 0.02032 0)
(0.02548466667 0.02032 0)
(0.02556933333 0.02032 0)
(0.025654 0.02032 0)
(0.02573866667 0.02032 0)
(0.02582333333 0.02032 0)
(0.025908 0.02032 0)
(0.02599266667 0.02032 0)
(0.02607733333 0.02032 0)
(0.026162 0.02032 0)
(0.02624666667 0.02032 0)
(0.02633133333 0.02032 0)
(0.026416 0.02032 0)
(0.02650066667 0.02032 0)
(0.02658533333 0.02032 0)
(0.02667 0.02032 0)
(0.02675466667 0.02032 0)
(0.02683933333 0.02032 0)
(0.026924 0.02032 0)
(0.02700866667 0.02032 0)
(0.02709333333 0.02032 0)
(0.027178 0.02032 0)
(0.02726266667 0.02032 0)
(0.02734733333 0.02032 0)
(0.027432 0.02032 0)
(0.02751666667 0.02032 0)
(0.02760133333 0.02032 0)
(0.027686 0.02032 0)
(0.02777066667 0.02032 0)
(0.02785533333 0.02032 0)
(0.02794 0.02032 0)
(0.02802466667 0.02032 0)
(0.02810933333 0.02032 0)
(0.028194 0.02032 0)
(0.02827866667 0.02032 0)
(0.02836333333 0.02032 0)
(0.028448 0.02032 0)
(0.02853266667 0.02032 0)
(0.02861733333 0.02032 0)
(0.028702 0.02032 0)
(0.02878666667 0.02032 0)
(0.02887133333 0.02032 0)
(0.028956 0.02032 0)
(0.02904066667 0.02032 0)
(0.02912533333 0.02032 0)
(0.02921 0.02032 0)
(0.02929466667 0.02032 0)
(0.02937933333 0.02032 0)
(0.029464 0.02032 0)
(0.02954866667 0.02032 0)
(0.02963333333 0.02032 0)
(0.029718 0.02032 0)
(0.02980266667 0.02032 0)
(0.02988733333 0.02032 0)
(0.029972 0.02032 0)
(0.03005666667 0.02032 0)
(0.03014133333 0.02032 0)
(0.030226 0.02032 0)
(0.03031066667 0.02032 0)
(0.03039533333 0.02032 0)
(0.03048 0.02032 0)
(0.03056466667 0.02032 0)
(0.03064933333 0.02032 0)
(0.030734 0.02032 0)
(0.03081866667 0.02032 0)
(0.03090333333 0.02032 0)
(0.030988 0.02032 0)
(0.03107266667 0.02032 0)
(0.03115733333 0.02032 0)
(0.031242 0.02032 0)
(0.03132666667 0.02032 0)
(0.03141133333 0.02032 0)
(0.031496 0.02032 0)
(0.03158066667 0.02032 0)
(0.03166533333 0.02032 0)
(0.03175 0.02032 0)
(0.03183466667 0.02032 0)
(0.03191933333 0.02032 0)
(0.032004 0.02032 0)
(0.03208866667 0.02032 0)
(0.03217333333 0.02032 0)
(0.032258 0.02032 0)
(0.03234266667 0.02032 0)
(0.03242733333 0.02032 0)
(0.032512 0.02032 0)
(0.03259666667 0.02032 0)
(0.03268133333 0.02032 0)
(0.032766 0.02032 0)
(0.03285066667 0.02032 0)
(0.03293533333 0.02032 0)
(0.03302 0.02032 0)
(0.03310466667 0.02032 0)
(0.03318933333 0.02032 0)
(0.033274 0.02032 0)
(0.03335866667 0.02032 0)
(0.03344333333 0.02032 0)
(0.033528 0.02032 0)
(0.03361266667 0.02032 0)
(0.03369733333 0.02032 0)
(0.033782 0.02032 0)
(0.03386666667 0.02032 0)
(0.03395133333 0.02032 0)
(0.034036 0.02032 0)
(0.03412066667 0.02032 0)
(0.03420533333 0.02032 0)
(0.03429 0.02032 0)
(0.03437466667 0.02032 0)
(0.03445933333 0.02032 0)
(0.034544 0.02032 0)
(0.03462866667 0.02032 0)
(0.03471333333 0.02032 0)
(0.034798 0.02032 0)
(0.03488266667 0.02032 0)
(0.03496733333 0.02032 0)
(0.035052 0.02032 0)
(0.03513666667 0.02032 0)
(0.03522133333 0.02032 0)
(0.035306 0.02032 0)
(0.03539066667 0.02032 0)
(0.03547533333 0.02032 0)
(0.03556 0.02032 0)
(0.03564466667 0.02032 0)
(0.03572933333 0.02032 0)
(0.035814 0.02032 0)
(0.03589866667 0.02032 0)
(0.03598333333 0.02032 0)
(0.036068 0.02032 0)
(0.03615266667 0.02032 0)
(0.03623733333 0.02032 0)
(0.036322 0.02032 0)
(0.03640666667 0.02032 0)
(0.03649133333 0.02032 0)
(0.036576 0.02032 0)
(0.03666066667 0.02032 0)
(0.03674533333 0.02032 0)
(0.03683 0.02032 0)
(0.03691466667 0.02032 0)
(0.03699933333 0.02032 0)
(0.037084 0.02032 0)
(0.03716866667 0.02032 0)
(0.03725333333 0.02032 0)
(0.037338 0.02032 0)
(0.03742266667 0.02032 0)
(0.03750733333 0.02032 0)
(0.037592 0.02032 0)
(0.03767666667 0.02032 0)
(0.03776133333 0.02032 0)
(0.037846 0.02032 0)
(0.03793066667 0.02032 0)
(0.03801533333 0.02032 0)
(0.0381 0.02032 0)
(0.03818466667 0.02032 0)
(0.03826933333 0.02032 0)
(0.038354 0.02032 0)
(0.03843866667 0.02032 0)
(0.03852333333 0.02032 0)
(0.038608 0.02032 0)
(0.03869266667 0.02032 0)
(0.03877733333 0.02032 0)
(0.038862 0.02032 0)
(0.03894666667 0.02032 0)
(0.03903133333 0.02032 0)
(0.039116 0.02032 0)
(0.03920066667 0.02032 0)
(0.03928533333 0.02032 0)
(0.03937 0.02032 0)
(0.03945466667 0.02032 0)
(0.03953933333 0.02032 0)
(0.039624 0.02032 0)
(0.03970866667 0.02032 0)
(0.03979333333 0.02032 0)
(0.039878 0.02032 0)
(0.03996266667 0.02032 0)
(0.04004733333 0.02032 0)
(0.040132 0.02032 0)
(0.04021666667 0.02032 0)
(0.04030133333 0.02032 0)
(0.040386 0.02032 0)
(0.04047066667 0.02032 0)
(0.04055533333 0.02032 0)
(0.04064 0.02032 0)
(0.04072466667 0.02032 0)
(0.04080933333 0.02032 0)
(0.040894 0.02032 0)
(0.04097866667 0.02032 0)
(0.04106333333 0.02032 0)
(0.041148 0.02032 0)
(0.04123266667 0.02032 0)
(0.04131733333 0.02032 0)
(0.041402 0.02032 0)
(0.04148666667 0.02032 0)
(0.04157133333 0.02032 0)
(0.041656 0.02032 0)
(0.04174066667 0.02032 0)
(0.04182533333 0.02032 0)
(0.04191 0.02032 0)
(0.04199466667 0.02032 0)
(0.04207933333 0.02032 0)
(0.042164 0.02032 0)
(0.04224866667 0.02032 0)
(0.04233333333 0.02032 0)
(0.042418 0.02032 0)
(0.04250266667 0.02032 0)
(0.04258733333 0.02032 0)
(0.042672 0.02032 0)
(0.04275666667 0.02032 0)
(0.04284133333 0.02032 0)
(0.042926 0.02032 0)
(0.04301066667 0.02032 0)
(0.04309533333 0.02032 0)
(0.04318 0.02032 0)
(0.04326466667 0.02032 0)
(0.04334933333 0.02032 0)
(0.043434 0.02032 0)
(0.04351866667 0.02032 0)
(0.04360333333 0.02032 0)
(0.043688 0.02032 0)
(0.04377266667 0.02032 0)
(0.04385733333 0.02032 0)
(0.043942 0.02032 0)
(0.04402666667 0.02032 0)
(0.04411133333 0.02032 0)
(0.044196 0.02032 0)
(0.04428066667 0.02032 0)
(0.04436533333 0.02032 0)
(0.04445 0.02032 0)
(0.04453466667 0.02032 0)
(0.04461933333 0.02032 0)
(0.044704 0.02032 0)
(0.04478866667 0.02032 0)
(0.04487333333 0.02032 0)
(0.044958 0.02032 0)
(0.04504266667 0.02032 0)
(0.04512733333 0.02032 0)
(0.045212 0.02032 0)
(0.04529666667 0.02032 0)
(0.04538133333 0.02032 0)
(0.045466 0.02032 0)
(0.04555066667 0.02032 0)
(0.04563533333 0.02032 0)
(0.04572 0.02032 0)
(0.04580466667 0.02032 0)
(0.04588933333 0.02032 0)
(0.045974 0.02032 0)
(0.04605866667 0.02032 0)
(0.04614333333 0.02032 0)
(0.046228 0.02032 0)
(0.04631266667 0.02032 0)
(0.04639733333 0.02032 0)
(0.046482 0.02032 0)
(0.04656666667 0.02032 0)
(0.04665133333 0.02032 0)
(0.046736 0.02032 0)
(0.04682066667 0.02032 0)
(0.04690533333 0.02032 0)
(0.04699 0.02032 0)
(0.04707466667 0.02032 0)
(0.04715933333 0.02032 0)
(0.047244 0.02032 0)
(0.04732866667 0.02032 0)
(0.04741333333 0.02032 0)
(0.047498 0.02032 0)
(0.04758266667 0.02032 0)
(0.04766733333 0.02032 0)
(0.047752 0.02032 0)
(0.04783666667 0.02032 0)
(0.04792133333 0.02032 0)
(0.048006 0.02032 0)
(0.04809066667 0.02032 0)
(0.04817533333 0.02032 0)
(0.04826 0.02032 0)
(0.04834466667 0.02032 0)
(0.04842933333 0.02032 0)
(0.048514 0.02032 0)
(0.04859866667 0.02032 0)
(0.04868333333 0.02032 0)
(0.048768 0.02032 0)
(0.04885266667 0.02032 0)
(0.04893733333 0.02032 0)
(0.049022 0.02032 0)
(0.04910666667 0.02032 0)
(0.04919133333 0.02032 0)
(0.049276 0.02032 0)
(0.04936066667 0.02032 0)
(0.04944533333 0.02032 0)
(0.04953 0.02032 0)
(0.04961466667 0.02032 0)
(0.04969933333 0.02032 0)
(0.049784 0.02032 0)
(0.04986866667 0.02032 0)
(0.04995333333 0.02032 0)
(0.050038 0.02032 0)
(0.05012266667 0.02032 0)
(0.05020733333 0.02032 0)
(0.050292 0.02032 0)
(0.05037666667 0.02032 0)
(0.05046133333 0.02032 0)
(0.050546 0.02032 0)
(0.05063066667 0.02032 0)
(0.05071533333 0.02032 0)
(0.0508 0.02032 0)
(0 0 0.02032)
(8.466666667e-05 0 0.02032)
(0.0001693333333 0 0.02032)
(0.000254 0 0.02032)
(0.0003386666667 0 0.02032)
(0.0004233333333 0 0.02032)
(0.000508 0 0.02032)
(0.0005926666667 0 0.02032)
(0.0006773333333 0 0.02032)
(0.000762 0 0.02032)
(0.0008466666667 0 0.02032)
(0.0009313333333 0 0.02032)
(0.001016 0 0.02032)
(0.001100666667 0 0.02032)
(0.001185333333 0 0.02032)
(0.00127 0 0.02032)
(0.001354666667 0 0.02032)
(0.001439333333 0 0.02032)
(0.001524 0 0.02032)
(0.001608666667 0 0.02032)
(0.001693333333 0 0.02032)
(0.001778 0 0.02032)
(0.001862666667 0 0.02032)
(0.001947333333 0 0.02032)
(0.002032 0 0.02032)
(0.002116666667 0 0.02032)
(0.002201333333 0 0.02032)
(0.002286 0 0.02032)
(0.002370666667 0 0.02032)
(0.002455333333 0 0.02032)
(0.00254 0 0.02032)
(0.002624666667 0 0.02032)
(0.002709333333 0 0.02032)
(0.002794 0 0.02032)
(0.002878666667 0 0.02032)
(0.002963333333 0 0.02032)
(0.003048 0 0.02032)
(0.003132666667 0 0.02032)
(0.003217333333 0 0.02032)
(0.003302 0 0.02032)
(0.003386666667 0 0.02032)
(0.003471333333 0 0.02032)
(0.003556 0 0.02032)
(0.003640666667 0 0.02032)
(0.003725333333 0 0.02032)
(0.00381 0 0.02032)
(0.003894666667 0 0.02032)
(0.003979333333 0 0.02032)
(0.004064 0 0.02032)
(0.004148666667 0 0.02032)
(0.004233333333 0 0.02032)
(0.004318 0 0.02032)
(0.004402666667 0 0.02032)
(0.004487333333 0 0.02032)
(0.004572 0 0.02032)
(0.004656666667 0 0.02032)
(0.004741333333 0 0.02032)
(0.004826 0 0.02032)
(0.004910666667 0 0.02032)
(0.004995333333 0 0.02032)
(0.00508 0 0.02032)
(0.005164666667 0 0.02032)
(0.005249333333 0 0.02032)
(0.005334 0 0.02032)
(0.005418666667 0 0.02032)
(0.005503333333 0 0.02032)
(0.005588 0 0.02032)
(0.005672666667 0 0.02032)
(0.005757333333 0 0.02032)
(0.005842 0 0.02032)
(0.005926666667 0 0.02032)
(0.006011333333 0 0.02032)
(0.006096 0 0.02032)
(0.006180666667 0 0.02032)
(0.006265333333 0 0.02032)
(0.00635 0 0.02032)
(0.006434666667 0 0.02032)
(0.006519333333 0 0.02032)
(0.006604 0 0.02032)
(0.006688666667 0 0.02032)
(0.006773333333 0 0.02032)
(0.006858 0 0.02032)
(0.006942666667 0 0.02032)
(0.007027333333 0 0.02032)
(0.007112 0 0.02032)
(0.007196666667 0 0.02032)
(0.007281333333 0 0.02032)
(0.007366 0 0.02032)
(0.007450666667 0 0.02032)
(0.007535333333 0 0.02032)
(0.00762 0 0.02032)
(0.007704666667 0 0.02032)
(0.007789333333 0 0.02032)
(0.007874 0 0.02032)
(0.007958666667 0 0.02032)
(0.008043333333 0 0.02032)
(0.008128 0 0.02032)
(0.008212666667 0 0.02032)
(0.008297333333 0 0.02032)
(0.008382 0 0.02032)
(0.008466666667 0 0.02032)
(0.008551333333 0 0.02032)
(0.008636 0 0.02032)
(0.008720666667 0 0.02032)
(0.008805333333 0 0.02032)
(0.00889 0 0.02032)
(0.008974666667 0 0.02032)
(0.009059333333 0 0.02032)
(0.009144 0 0.02032)
(0.009228666667 0 0.02032)
(0.009313333333 0 0.02032)
(0.009398 0 0.02032)
(0.009482666667 0 0.02032)
(0.009567333333 0 0.02032)
(0.009652 0 0.02032)
(0.009736666667 0 0.02032)
(0.009821333333 0 0.02032)
(0.009906 0 0.02032)
(0.009990666667 0 0.02032)
(0.01007533333 0 0.02032)
(0.01016 0 0.02032)
(0.01024466667 0 0.02032)
(0.01032933333 0 0.02032)
(0.010414 0 0.02032)
(0.01049866667 0 0.02032)
(0.01058333333 0 0.02032)
(0.010668 0 0.02032)
(0.01075266667 0 0.02032)
(0.01083733333 0 0.02032)
(0.010922 0 0.02032)
(0.01100666667 0 0.02032)
(0.01109133333 0 0.02032)
(0.011176 0 0.02032)
(0.01126066667 0 0.02032)
(0.01134533333 0 0.02032)
(0.01143 0 0.02032)
(0.01151466667 0 0.02032)
(0.01159933333 0 0.02032)
(0.011684 0 0.02032)
(0.01176866667 0 0.02032)
(0.01185333333 0 0.02032)
(0.011938 0 0.02032)
(0.01202266667 0 0.02032)
(0.01210733333 0 0.02032)
(0.012192 0 0.02032)
(0.01227666667 0 0.02032)
(0.01236133333 0 0.02032)
(0.012446 0 0.02032)
(0.01253066667 0 0.02032)
(0.01261533333 0 0.02032)
(0.0127 0 0.02032)
(0.01278466667 0 0.02032)
(0.01286933333 0 0.02032)
(0.012954 0 0.02032)
(0.01303866667 0 0.02032)
(0.01312333333 0 0.02032)
(0.013208 0 0.02032)
(0.01329266667 0 0.02032)
(0.01337733333 0 0.02032)
(0.013462 0 0.02032)
(0.01354666667 0 0.02032)
(0.01363133333 0 0.02032)
(0.013716 0 0.02032)
(0.01380066667 0 0.02032)
(0.01388533333 0 0.02032)
(0.01397 0 0.02032)
(0.01405466667 0 0.02032)
(0.01413933333 0 0.02032)
(0.014224 0 0.02032)
(0.01430866667 0 0.02032)
(0.01439333333 0 0.02032)
(0.014478 0 0.02032)
(0.01456266667 0 0.02032)
(0.01464733333 0 0.02032)
(0.014732 0 0.02032)
(0.01481666667 0 0.02032)
(0.01490133333 0 0.02032)
(0.014986 0 0.02032)
(0.01507066667 0 0.02032)
(0.01515533333 0 0.02032)
(0.01524 0 0.02032)
(0.01532466667 0 0.02032)
(0.01540933333 0 0.02032)
(0.015494 0 0.02032)
(0.01557866667 0 0.02032)
(0.01566333333 0 0.02032)
(0.015748 0 0.02032)
(0.01583266667 0 0.02032)
(0.01591733333 0 0.02032)
(0.016002 0 0.02032)
(0.01608666667 0 0.02032)
(0.01617133333 0 0.02032)
(0.016256 0 0.02032)
(0.01634066667 0 0.02032)
(0.01642533333 0 0.02032)
(0.01651 0 0.02032)
(0.01659466667 0 0.02032)
(0.01667933333 0 0.02032)
(0.016764 0 0.02032)
(0.01684866667 0 0.02032)
(0.01693333333 0 0.02032)
(0.017018 0 0.02032)
(0.01710266667 0 0.02032)
(0.01718733333 0 0.02032)
(0.017272 0 0.02032)
(0.01735666667 0 0.02032)
(0.01744133333 0 0.02032)
(0.017526 0 0.02032)
(0.01761066667 0 0.02032)
(0.01769533333 0 0.02032)
(0.01778 0 0.02032)
(0.01786466667 0 0.02032)
(0.01794933333 0 0.02032)
(0.018034 0 0.02032)
(0.01811866667 0 0.02032)
(0.01820333333 0 0.02032)
(0.018288 0 0.02032)
(0.01837266667 0 0.02032)
(0.01845733333 0 0.02032)
(0.018542 0 0.02032)
(0.01862666667 0 0.02032)
(0.01871133333 0 0.02032)
(0.018796 0 0.02032)
(0.01888066667 0 0.02032)
(0.01896533333 0 0.02032)
(0.01905 0 0.02032)
(0.01913466667 0 0.02032)
(0.01921933333 0 0.02032)
(0.019304 0 0.02032)
(0.01938866667 0 0.02032)
(0.01947333333 0 0.02032)
(0.019558 0 0.02032)
(0.01964266667 0 0.02032)
(0.01972733333 0 0.02032)
(0.019812 0 0.02032)
(0.01989666667 0 0.02032)
(0.01998133333 0 0.02032)
(0.020066 0 0.02032)
(0.02015066667 0 0.02032)
(0.02023533333 0 0.02032)
(0.02032 0 0.02032)
(0.02040466667 0 0.02032)
(0.02048933333 0 0.02032)
(0.020574 0 0.02032)
(0.02065866667 0 0.02032)
(0.02074333333 0 0.02032)
(0.020828 0 0.02032)
(0.02091266667 0 0.02032)
(0.02099733333 0 0.02032)
(0.021082 0 0.02032)
(0.02116666667 0 0.02032)
(0.02125133333 0 0.02032)
(0.021336 0 0.02032)
(0.02142066667 0 0.02032)
(0.02150533333 0 0.02032)
(0.02159 0 0.02032)
(0.02167466667 0 0.02032)
(0.02175933333 0 0.02032)
(0.021844 0 0.02032)
(0.02192866667 0 0.02032)
(0.02201333333 0 0.02032)
(0.022098 0 0.02032)
(0.02218266667 0 0.02032)
(0.02226733333 0 0.02032)
(0.022352 0 0.02032)
(0.02243666667 0 0.02032)
(0.02252133333 0 0.02032)
(0.022606 0 0.02032)
(0.02269066667 0 0.02032)
(0.02277533333 0 0.02032)
(0.02286 0 0.02032)
(0.02294466667 0 0.02032)
(0.02302933333 0 0.02032)
(0.023114 0 0.02032)
(0.02319866667 0 0.02032)
(0.02328333333 0 0.02032)
(0.023368 0 0.02032)
(0.02345266667 0 0.02032)
(0.02353733333 0 0.02032)
(0.023622 0 0.02032)
(0.02370666667 0 0.02032)
(0.02379133333 0 0.02032)
(0.023876 0 0.02032)
(0.02396066667 0 0.02032)
(0.02404533333 0 0.02032)
(0.02413 0 0.02032)
(0.02421466667 0 0.02032)
(0.02429933333 0 0.02032)
(0.024384 0 0.02032)
(0.02446866667 0 0.02032)
(0.02455333333 0 0.02032)
(0.024638 0 0.02032)
(0.02472266667 0 0.02032)
(0.02480733333 0 0.02032)
(0.024892 0 0.02032)
(0.02497666667 0 0.02032)
(0.02506133333 0 0.02032)
(0.025146 0 0.02032)
(0.02523066667 0 0.02032)
(0.02531533333 0 0.02032)
(0.0254 0 0.02032)
(0.02548466667 0 0.02032)
(0.02556933333 0 0.02032)
(0.025654 0 0.02032)
(0.02573866667 0 0.02032)
(0.02582333333 0 0.02032)
(0.025908 0 0.02032)
(0.02599266667 0 0.02032)
(0.02607733333 0 0.02032)
(0.026162 0 0.02032)
(0.02624666667 0 0.02032)
(0.02633133333 0 0.02032)
(0.026416 0 0.02032)
(0.02650066667 0 0.02032)
(0.02658533333 0 0.02032)
(0.02667 0 0.02032)
(0.02675466667 0 0.02032)
(0.02683933333 0 0.02032)
(0.026924 0 0.02032)
(0.02700866667 0 0.02032)
(0.02709333333 0 0.02032)
(0.027178 0 0.02032)
(0.02726266667 0 0.02032)
(0.02734733333 0 0.02032)
(0.027432 0 0.02032)
(0.02751666667 0 0.02032)
(0.02760133333 0 0.02032)
(0.027686 0 0.02032)
(0.02777066667 0 0.02032)
(0.02785533333 0 0.02032)
(0.02794 0 0.02032)
(0.02802466667 0 0.02032)
(0.02810933333 0 0.02032)
(0.028194 0 0.02032)
(0.02827866667 0 0.02032)
(0.02836333333 0 0.02032)
(0.028448 0 0.02032)
(0.02853266667 0 0.02032)
(0.02861733333 0 0.02032)
(0.028702 0 0.02032)
(0.02878666667 0 0.02032)
(0.02887133333 0 0.02032)
(0.028956 0 0.02032)
(0.02904066667 0 0.02032)
(0.02912533333 0 0.02032)
(0.02921 0 0.02032)
(0.02929466667 0 0.02032)
(0.02937933333 0 0.02032)
(0.029464 0 0.02032)
(0.02954866667 0 0.02032)
(0.02963333333 0 0.02032)
(0.029718 0 0.02032)
(0.02980266667 0 0.02032)
(0.02988733333 0 0.02032)
(0.029972 0 0.02032)
(0.03005666667 0 0.02032)
(0.03014133333 0 0.02032)
(0.030226 0 0.02032)
(0.03031066667 0 0.02032)
(0.03039533333 0 0.02032)
(0.03048 0 0.02032)
(0.03056466667 0 0.02032)
(0.03064933333 0 0.02032)
(0.030734 0 0.02032)
(0.03081866667 0 0.02032)
(0.03090333333 0 0.02032)
(0.030988 0 0.02032)
(0.03107266667 0 0.02032)
(0.03115733333 0 0.02032)
(0.031242 0 0.02032)
(0.03132666667 0 0.02032)
(0.03141133333 0 0.02032)
(0.031496 0 0.02032)
(0.03158066667 0 0.02032)
(0.03166533333 0 0.02032)
(0.03175 0 0.02032)
(0.03183466667 0 0.02032)
(0.03191933333 0 0.02032)
(0.032004 0 0.02032)
(0.03208866667 0 0.02032)
(0.03217333333 0 0.02032)
(0.032258 0 0.02032)
(0.03234266667 0 0.02032)
(0.03242733333 0 0.02032)
(0.032512 0 0.02032)
(0.03259666667 0 0.02032)
(0.03268133333 0 0.02032)
(0.032766 0 0.02032)
(0.03285066667 0 0.02032)
(0.03293533333 0 0.02032)
(0.03302 0 0.02032)
(0.03310466667 0 0.02032)
(0.03318933333 0 0.02032)
(0.033274 0 0.02032)
(0.03335866667 0 0.02032)
(0.03344333333 0 0.02032)
(0.033528 0 0.02032)
(0.03361266667 0 0.02032)
(0.03369733333 0 0.02032)
(0.033782 0 0.02032)
(0.03386666667 0 0.02032)
(0.03395133333 0 0.02032)
(0.034036 0 0.02032)
(0.03412066667 0 0.02032)
(0.03420533333 0 0.02032)
(0.03429 0 0.02032)
(0.03437466667 0 0.02032)
(0.03445933333 0 0.02032)
(0.034544 0 0.02032)
(0.03462866667 0 0.02032)
(0.03471333333 0 0.02032)
(0.034798 0 0.02032)
(0.03488266667 0 0.02032)
(0.03496733333 0 0.02032)
(0.035052 0 0.02032)
(0.03513666667 0 0.02032)
(0.03522133333 0 0.02032)
(0.035306 0 0.02032)
(0.03539066667 0 0.02032)
(0.03547533333 0 0.02032)
(0.03556 0 0.02032)
(0.03564466667 0 0.02032)
(0.03572933333 0 0.02032)
(0.035814 0 0.02032)
(0.03589866667 0 0.02032)
(0.03598333333 0 0.02032)
(0.036068 0 0.02032)
(0.03615266667 0 0.02032)
(0.03623733333 0 0.02032)
(0.036322 0 0.02032)
(0.03640666667 0 0.02032)
(0.03649133333 0 0.02032)
(0.036576 0 0.02032)
(0.03666066667 0 0.02032)
(0.03674533333 0 0.02032)
(0.03683 0 0.02032)
(0.03691466667 0 0.02032)
(0.03699933333 0 0.02032)
(0.037084 0 0.02032)
(0.03716866667 0 0.02032)
(0.03725333333 0 0.02032)
(0.037338 0 0.02032)
(0.03742266667 0 0.02032)
(0.03750733333 0 0.02032)
(0.037592 0 0.02032)
(0.03767666667 0 0.02032)
(0.03776133333 0 0.02032)
(0.037846 0 0.02032)
(0.03793066667 0 0.02032)
(0.03801533333 0 0.02032)
(0.0381 0 0.02032)
(0.03818466667 0 0.02032)
(0.03826933333 0 0.02032)
(0.038354 0 0.02032)
(0.03843866667 0 0.02032)
(0.03852333333 0 0.02032)
(0.038608 0 0.02032)
(0.03869266667 0 0.02032)
(0.03877733333 0 0.02032)
(0.038862 0 0.02032)
(0.03894666667 0 0.02032)
(0.03903133333 0 0.02032)
(0.039116 0 0.02032)
(0.03920066667 0 0.02032)
(0.03928533333 0 0.02032)
(0.03937 0 0.02032)
(0.03945466667 0 0.02032)
(0.03953933333 0 0.02032)
(0.039624 0 0.02032)
(0.03970866667 0 0.02032)
(0.03979333333 0 0.02032)
(0.039878 0 0.02032)
(0.03996266667 0 0.02032)
(0.04004733333 0 0.02032)
(0.040132 0 0.02032)
(0.04021666667 0 0.02032)
(0.04030133333 0 0.02032)
(0.040386 0 0.02032)
(0.04047066667 0 0.02032)
(0.04055533333 0 0.02032)
(0.04064 0 0.02032)
(0.04072466667 0 0.02032)
(0.04080933333 0 0.02032)
(0.040894 0 0.02032)
(0.04097866667 0 0.02032)
(0.04106333333 0 0.02032)
(0.041148 0 0.02032)
(0.04123266667 0 0.02032)
(0.04131733333 0 0.02032)
(0.041402 0 0.02032)
(0.04148666667 0 0.02032)
(0.04157133333 0 0.02032)
(0.041656 0 0.02032)
(0.04174066667 0 0.02032)
(0.04182533333 0 0.02032)
(0.04191 0 0.02032)
(0.04199466667 0 0.02032)
(0.04207933333 0 0.02032)
(0.042164 0 0.02032)
(0.04224866667 0 0.02032)
(0.04233333333 0 0.02032)
(0.042418 0 0.02032)
(0.04250266667 0 0.02032)
(0.04258733333 0 0.02032)
(0.042672 0 0.02032)
(0.04275666667 0 0.02032)
(0.04284133333 0 0.02032)
(0.042926 0 0.02032)
(0.04301066667 0 0.02032)
(0.04309533333 0 0.02032)
(0.04318 0 0.02032)
(0.04326466667 0 0.02032)
(0.04334933333 0 0.02032)
(0.043434 0 0.02032)
(0.04351866667 0 0.02032)
(0.04360333333 0 0.02032)
(0.043688 0 0.02032)
(0.04377266667 0 0.02032)
(0.04385733333 0 0.02032)
(0.043942 0 0.02032)
(0.04402666667 0 0.02032)
(0.04411133333 0 0.02032)
(0.044196 0 0.02032)
(0.04428066667 0 0.02032)
(0.04436533333 0 0.02032)
(0.04445 0 0.02032)
(0.04453466667 0 0.02032)
(0.04461933333 0 0.02032)
(0.044704 0 0.02032)
(0.04478866667 0 0.02032)
(0.04487333333 0 0.02032)
(0.044958 0 0.02032)
(0.04504266667 0 0.02032)
(0.04512733333 0 0.02032)
(0.045212 0 0.02032)
(0.04529666667 0 0.02032)
(0.04538133333 0 0.02032)
(0.045466 0 0.02032)
(0.04555066667 0 0.02032)
(0.04563533333 0 0.02032)
(0.04572 0 0.02032)
(0.04580466667 0 0.02032)
(0.04588933333 0 0.02032)
(0.045974 0 0.02032)
(0.04605866667 0 0.02032)
(0.04614333333 0 0.02032)
(0.046228 0 0.02032)
(0.04631266667 0 0.02032)
(0.04639733333 0 0.02032)
(0.046482 0 0.02032)
(0.04656666667 0 0.02032)
(0.04665133333 0 0.02032)
(0.046736 0 0.02032)
(0.04682066667 0 0.02032)
(0.04690533333 0 0.02032)
(0.04699 0 0.02032)
(0.04707466667 0 0.02032)
(0.04715933333 0 0.02032)
(0.047244 0 0.02032)
(0.04732866667 0 0.02032)
(0.04741333333 0 0.02032)
(0.047498 0 0.02032)
(0.04758266667 0 0.02032)
(0.04766733333 0 0.02032)
(0.047752 0 0.02032)
(0.04783666667 0 0.02032)
(0.04792133333 0 0.02032)
(0.048006 0 0.02032)
(0.04809066667 0 0.02032)
(0.04817533333 0 0.02032)
(0.04826 0 0.02032)
(0.04834466667 0 0.02032)
(0.04842933333 0 0.02032)
(0.048514 0 0.02032)
(0.04859866667 0 0.02032)
(0.04868333333 0 0.02032)
(0.048768 0 0.02032)
(0.04885266667 0 0.02032)
(0.04893733333 0 0.02032)
(0.049022 0 0.02032)
(0.04910666667 0 0.02032)
(0.04919133333 0 0.02032)
(0.049276 0 0.02032)
(0.04936066667 0 0.02032)
(0.04944533333 0 0.02032)
(0.04953 0 0.02032)
(0.04961466667 0 0.02032)
(0.04969933333 0 0.02032)
(0.049784 0 0.02032)
(0.04986866667 0 0.02032)
(0.04995333333 0 0.02032)
(0.050038 0 0.02032)
(0.05012266667 0 0.02032)
(0.05020733333 0 0.02032)
(0.050292 0 0.02032)
(0.05037666667 0 0.02032)
(0.05046133333 0 0.02032)
(0.050546 0 0.02032)
(0.05063066667 0 0.02032)
(0.05071533333 0 0.02032)
(0.0508 0 0.02032)
(0 0.02032 0.02032)
(8.466666667e-05 0.02032 0.02032)
(0.0001693333333 0.02032 0.02032)
(0.000254 0.02032 0.02032)
(0.0003386666667 0.02032 0.02032)
(0.0004233333333 0.02032 0.02032)
(0.000508 0.02032 0.02032)
(0.0005926666667 0.02032 0.02032)
(0.0006773333333 0.02032 0.02032)
(0.000762 0.02032 0.02032)
(0.0008466666667 0.02032 0.02032)
(0.0009313333333 0.02032 0.02032)
(0.001016 0.02032 0.02032)
(0.001100666667 0.02032 0.02032)
(0.001185333333 0.02032 0.02032)
(0.00127 0.02032 0.02032)
(0.001354666667 0.02032 0.02032)
(0.001439333333 0.02032 0.02032)
(0.001524 0.02032 0.02032)
(0.001608666667 0.02032 0.02032)
(0.001693333333 0.02032 0.02032)
(0.001778 0.02032 0.02032)
(0.001862666667 0.02032 0.02032)
(0.001947333333 0.02032 0.02032)
(0.002032 0.02032 0.02032)
(0.002116666667 0.02032 0.02032)
(0.002201333333 0.02032 0.02032)
(0.002286 0.02032 0.02032)
(0.002370666667 0.02032 0.02032)
(0.002455333333 0.02032 0.02032)
(0.00254 0.02032 0.02032)
(0.002624666667 0.02032 0.02032)
(0.002709333333 0.02032 0.02032)
(0.002794 0.02032 0.02032)
(0.002878666667 0.02032 0.02032)
(0.002963333333 0.02032 0.02032)
(0.003048 0.02032 0.02032)
(0.003132666667 0.02032 0.02032)
(0.003217333333 0.02032 0.02032)
(0.003302 0.02032 0.02032)
(0.003386666667 0.02032 0.02032)
(0.003471333333 0.02032 0.02032)
(0.003556 0.02032 0.02032)
(0.003640666667 0.02032 0.02032)
(0.003725333333 0.02032 0.02032)
(0.00381 0.02032 0.02032)
(0.003894666667 0.02032 0.02032)
(0.003979333333 0.02032 0.02032)
(0.004064 0.02032 0.02032)
(0.004148666667 0.02032 0.02032)
(0.004233333333 0.02032 0.02032)
(0.004318 0.02032 0.02032)
(0.004402666667 0.02032 0.02032)
(0.004487333333 0.02032 0.02032)
(0.004572 0.02032 0.02032)
(0.004656666667 0.02032 0.02032)
(0.004741333333 0.02032 0.02032)
(0.004826 0.02032 0.02032)
(0.004910666667 0.02032 0.02032)
(0.004995333333 0.02032 0.02032)
(0.00508 0.02032 0.02032)
(0.005164666667 0.02032 0.02032)
(0.005249333333 0.02032 0.02032)
(0.005334 0.02032 0.02032)
(0.005418666667 0.02032 0.02032)
(0.005503333333 0.02032 0.02032)
(0.005588 0.02032 0.02032)
(0.005672666667 0.02032 0.02032)
(0.005757333333 0.02032 0.02032)
(0.005842 0.02032 0.02032)
(0.005926666667 0.02032 0.02032)
(0.006011333333 0.02032 0.02032)
(0.006096 0.02032 0.02032)
(0.006180666667 0.02032 0.02032)
(0.006265333333 0.02032 0.02032)
(0.00635 0.02032 0.02032)
(0.006434666667 0.02032 0.02032)
(0.006519333333 0.02032 0.02032)
(0.006604 0.02032 0.02032)
(0.006688666667 0.02032 0.02032)
(0.006773333333 0.02032 0.02032)
(0.006858 0.02032 0.02032)
(0.006942666667 0.02032 0.02032)
(0.007027333333 0.02032 0.02032)
(0.007112 0.02032 0.02032)
(0.007196666667 0.02032 0.02032)
(0.007281333333 0.02032 0.02032)
(0.007366 0.02032 0.02032)
(0.007450666667 0.02032 0.02032)
(0.007535333333 0.02032 0.02032)
(0.00762 0.02032 0.02032)
(0.007704666667 0.02032 0.02032)
(0.007789333333 0.02032 0.02032)
(0.007874 0.02032 0.02032)
(0.007958666667 0.02032 0.02032)
(0.008043333333 0.02032 0.02032)
(0.008128 0.02032 0.02032)
(0.008212666667 0.02032 0.02032)
(0.008297333333 0.02032 0.02032)
(0.008382 0.02032 0.02032)
(0.008466666667 0.02032 0.02032)
(0.008551333333 0.02032 0.02032)
(0.008636 0.02032 0.02032)
(0.008720666667 0.02032 0.02032)
(0.008805333333 0.02032 0.02032)
(0.00889 0.02032 0.02032)
(0.008974666667 0.02032 0.02032)
(0.009059333333 0.02032 0.02032)
(0.009144 0.02032 0.02032)
(0.009228666667 0.02032 0.02032)
(0.009313333333 0.02032 0.02032)
(0.009398 0.02032 0.02032)
(0.009482666667 0.02032 0.02032)
(0.009567333333 0.02032 0.02032)
(0.009652 0.02032 0.02032)
(0.009736666667 0.02032 0.02032)
(0.009821333333 0.02032 0.02032)
(0.009906 0.02032 0.02032)
(0.009990666667 0.02032 0.02032)
(0.01007533333 0.02032 0.02032)
(0.01016 0.02032 0.02032)
(0.01024466667 0.02032 0.02032)
(0.01032933333 0.02032 0.02032)
(0.010414 0.02032 0.02032)
(0.01049866667 0.02032 0.02032)
(0.01058333333 0.02032 0.02032)
(0.010668 0.02032 0.02032)
(0.01075266667 0.02032 0.02032)
(0.01083733333 0.02032 0.02032)
(0.010922 0.02032 0.02032)
(0.01100666667 0.02032 0.02032)
(0.01109133333 0.02032 0.02032)
(0.011176 0.02032 0.02032)
(0.01126066667 0.02032 0.02032)
(0.01134533333 0.02032 0.02032)
(0.01143 0.02032 0.02032)
(0.01151466667 0.02032 0.02032)
(0.01159933333 0.02032 0.02032)
(0.011684 0.02032 0.02032)
(0.01176866667 0.02032 0.02032)
(0.01185333333 0.02032 0.02032)
(0.011938 0.02032 0.02032)
(0.01202266667 0.02032 0.02032)
(0.01210733333 0.02032 0.02032)
(0.012192 0.02032 0.02032)
(0.01227666667 0.02032 0.02032)
(0.01236133333 0.02032 0.02032)
(0.012446 0.02032 0.02032)
(0.01253066667 0.02032 0.02032)
(0.01261533333 0.02032 0.02032)
(0.0127 0.02032 0.02032)
(0.01278466667 0.02032 0.02032)
(0.01286933333 0.02032 0.02032)
(0.012954 0.02032 0.02032)
(0.01303866667 0.02032 0.02032)
(0.01312333333 0.02032 0.02032)
(0.013208 0.02032 0.02032)
(0.01329266667 0.02032 0.02032)
(0.01337733333 0.02032 0.02032)
(0.013462 0.02032 0.02032)
(0.01354666667 0.02032 0.02032)
(0.01363133333 0.02032 0.02032)
(0.013716 0.02032 0.02032)
(0.01380066667 0.02032 0.02032)
(0.01388533333 0.02032 0.02032)
(0.01397 0.02032 0.02032)
(0.01405466667 0.02032 0.02032)
(0.01413933333 0.02032 0.02032)
(0.014224 0.02032 0.02032)
(0.01430866667 0.02032 0.02032)
(0.01439333333 0.02032 0.02032)
(0.014478 0.02032 0.02032)
(0.01456266667 0.02032 0.02032)
(0.01464733333 0.02032 0.02032)
(0.014732 0.02032 0.02032)
(0.01481666667 0.02032 0.02032)
(0.01490133333 0.02032 0.02032)
(0.014986 0.02032 0.02032)
(0.01507066667 0.02032 0.02032)
(0.01515533333 0.02032 0.02032)
(0.01524 0.02032 0.02032)
(0.01532466667 0.02032 0.02032)
(0.01540933333 0.02032 0.02032)
(0.015494 0.02032 0.02032)
(0.01557866667 0.02032 0.02032)
(0.01566333333 0.02032 0.02032)
(0.015748 0.02032 0.02032)
(0.01583266667 0.02032 0.02032)
(0.01591733333 0.02032 0.02032)
(0.016002 0.02032 0.02032)
(0.01608666667 0.02032 0.02032)
(0.01617133333 0.02032 0.02032)
(0.016256 0.02032 0.02032)
(0.01634066667 0.02032 0.02032)
(0.01642533333 0.02032 0.02032)
(0.01651 0.02032 0.02032)
(0.01659466667 0.02032 0.02032)
(0.01667933333 0.02032 0.02032)
(0.016764 0.02032 0.02032)
(0.01684866667 0.02032 0.02032)
(0.01693333333 0.02032 0.02032)
(0.017018 0.02032 0.02032)
(0.01710266667 0.02032 0.02032)
(0.01718733333 0.02032 0.02032)
(0.017272 0.02032 0.02032)
(0.01735666667 0.02032 0.02032)
(0.01744133333 0.02032 0.02032)
(0.017526 0.02032 0.02032)
(0.01761066667 0.02032 0.02032)
(0.01769533333 0.02032 0.02032)
(0.01778 0.02032 0.02032)
(0.01786466667 0.02032 0.02032)
(0.01794933333 0.02032 0.02032)
(0.018034 0.02032 0.02032)
(0.01811866667 0.02032 0.02032)
(0.01820333333 0.02032 0.02032)
(0.018288 0.02032 0.02032)
(0.01837266667 0.02032 0.02032)
(0.01845733333 0.02032 0.02032)
(0.018542 0.02032 0.02032)
(0.01862666667 0.02032 0.02032)
(0.01871133333 0.02032 0.02032)
(0.018796 0.02032 0.02032)
(0.01888066667 0.02032 0.02032)
(0.01896533333 0.02032 0.02032)
(0.01905 0.02032 0.02032)
(0.01913466667 0.02032 0.02032)
(0.01921933333 0.02032 0.02032)
(0.019304 0.02032 0.02032)
(0.01938866667 0.02032 0.02032)
(0.01947333333 0.02032 0.02032)
(0.019558 0.02032 0.02032)
(0.01964266667 0.02032 0.02032)
(0.01972733333 0.02032 0.02032)
(0.019812 0.02032 0.02032)
(0.01989666667 0.02032 0.02032)
(0.01998133333 0.02032 0.02032)
(0.020066 0.02032 0.02032)
(0.02015066667 0.02032 0.02032)
(0.02023533333 0.02032 0.02032)
(0.02032 0.02032 0.02032)
(0.02040466667 0.02032 0.02032)
(0.02048933333 0.02032 0.02032)
(0.020574 0.02032 0.02032)
(0.02065866667 0.02032 0.02032)
(0.02074333333 0.02032 0.02032)
(0.020828 0.02032 0.02032)
(0.02091266667 0.02032 0.02032)
(0.02099733333 0.02032 0.02032)
(0.021082 0.02032 0.02032)
(0.02116666667 0.02032 0.02032)
(0.02125133333 0.02032 0.02032)
(0.021336 0.02032 0.02032)
(0.02142066667 0.02032 0.02032)
(0.02150533333 0.02032 0.02032)
(0.02159 0.02032 0.02032)
(0.02167466667 0.02032 0.02032)
(0.02175933333 0.02032 0.02032)
(0.021844 0.02032 0.02032)
(0.02192866667 0.02032 0.02032)
(0.02201333333 0.02032 0.02032)
(0.022098 0.02032 0.02032)
(0.02218266667 0.02032 0.02032)
(0.02226733333 0.02032 0.02032)
(0.022352 0.02032 0.02032)
(0.02243666667 0.02032 0.02032)
(0.02252133333 0.02032 0.02032)
(0.022606 0.02032 0.02032)
(0.02269066667 0.02032 0.02032)
(0.02277533333 0.02032 0.02032)
(0.02286 0.02032 0.02032)
(0.02294466667 0.02032 0.02032)
(0.02302933333 0.02032 0.02032)
(0.023114 0.02032 0.02032)
(0.02319866667 0.02032 0.02032)
(0.02328333333 0.02032 0.02032)
(0.023368 0.02032 0.02032)
(0.02345266667 0.02032 0.02032)
(0.02353733333 0.02032 0.02032)
(0.023622 0.02032 0.02032)
(0.02370666667 0.02032 0.02032)
(0.02379133333 0.02032 0.02032)
(0.023876 0.02032 0.02032)
(0.02396066667 0.02032 0.02032)
(0.02404533333 0.02032 0.02032)
(0.02413 0.02032 0.02032)
(0.02421466667 0.02032 0.02032)
(0.02429933333 0.02032 0.02032)
(0.024384 0.02032 0.02032)
(0.02446866667 0.02032 0.02032)
(0.02455333333 0.02032 0.02032)
(0.024638 0.02032 0.02032)
(0.02472266667 0.02032 0.02032)
(0.02480733333 0.02032 0.02032)
(0.024892 0.02032 0.02032)
(0.02497666667 0.02032 0.02032)
(0.02506133333 0.02032 0.02032)
(0.025146 0.02032 0.02032)
(0.02523066667 0.02032 0.02032)
(0.02531533333 0.02032 0.02032)
(0.0254 0.02032 0.02032)
(0.02548466667 0.02032 0.02032)
(0.02556933333 0.02032 0.02032)
(0.025654 0.02032 0.02032)
(0.02573866667 0.02032 0.02032)
(0.02582333333 0.02032 0.02032)
(0.025908 0.02032 0.02032)
(0.02599266667 0.02032 0.02032)
(0.02607733333 0.02032 0.02032)
(0.026162 0.02032 0.02032)
(0.02624666667 0.02032 0.02032)
(0.02633133333 0.02032 0.02032)
(0.026416 0.02032 0.02032)
(0.02650066667 0.02032 0.02032)
(0.02658533333 0.02032 0.02032)
(0.02667 0.02032 0.02032)
(0.02675466667 0.02032 0.02032)
(0.02683933333 0.02032 0.02032)
(0.026924 0.02032 0.02032)
(0.02700866667 0.02032 0.02032)
(0.02709333333 0.02032 0.02032)
(0.027178 0.02032 0.02032)
(0.02726266667 0.02032 0.02032)
(0.02734733333 0.02032 0.02032)
(0.027432 0.02032 0.02032)
(0.02751666667 0.02032 0.02032)
(0.02760133333 0.02032 0.02032)
(0.027686 0.02032 0.02032)
(0.02777066667 0.02032 0.02032)
(0.02785533333 0.02032 0.02032)
(0.02794 0.02032 0.02032)
(0.02802466667 0.02032 0.02032)
(0.02810933333 0.02032 0.02032)
(0.028194 0.02032 0.02032)
(0.02827866667 0.02032 0.02032)
(0.02836333333 0.02032 0.02032)
(0.028448 0.02032 0.02032)
(0.02853266667 0.02032 0.02032)
(0.02861733333 0.02032 0.02032)
(0.028702 0.02032 0.02032)
(0.02878666667 0.02032 0.02032)
(0.02887133333 0.02032 0.02032)
(0.028956 0.02032 0.02032)
(0.02904066667 0.02032 0.02032)
(0.02912533333 0.02032 0.02032)
(0.02921 0.02032 0.02032)
(0.02929466667 0.02032 0.02032)
(0.02937933333 0.02032 0.02032)
(0.029464 0.02032 0.02032)
(0.02954866667 0.02032 0.02032)
(0.02963333333 0.02032 0.02032)
(0.029718 0.02032 0.02032)
(0.02980266667 0.02032 0.02032)
(0.02988733333 0.02032 0.02032)
(0.029972 0.02032 0.02032)
(0.03005666667 0.02032 0.02032)
(0.03014133333 0.02032 0.02032)
(0.030226 0.02032 0.02032)
(0.03031066667 0.02032 0.02032)
(0.03039533333 0.02032 0.02032)
(0.03048 0.02032 0.02032)
(0.03056466667 0.02032 0.02032)
(0.03064933333 0.02032 0.02032)
(0.030734 0.02032 0.02032)
(0.03081866667 0.02032 0.02032)
(0.03090333333 0.02032 0.02032)
(0.030988 0.02032 0.02032)
(0.03107266667 0.02032 0.02032)
(0.03115733333 0.02032 0.02032)
(0.031242 0.02032 0.02032)
(0.03132666667 0.02032 0.02032)
(0.03141133333 0.02032 0.02032)
(0.031496 0.02032 0.02032)
(0.03158066667 0.02032 0.02032)
(0.03166533333 0.02032 0.02032)
(0.03175 0.02032 0.02032)
(0.03183466667 0.02032 0.02032)
(0.03191933333 0.02032 0.02032)
(0.032004 0.02032 0.02032)
(0.03208866667 0.02032 0.02032)
(0.03217333333 0.02032 0.02032)
(0.032258 0.02032 0.02032)
(0.03234266667 0.02032 0.02032)
(0.03242733333 0.02032 0.02032)
(0.032512 0.02032 0.02032)
(0.03259666667 0.02032 0.02032)
(0.03268133333 0.02032 0.02032)
(0.032766 0.02032 0.02032)
(0.03285066667 0.02032 0.02032)
(0.03293533333 0.02032 0.02032)
(0.03302 0.02032 0.02032)
(0.03310466667 0.02032 0.02032)
(0.03318933333 0.02032 0.02032)
(0.033274 0.02032 0.02032)
(0.03335866667 0.02032 0.02032)
(0.03344333333 0.02032 0.02032)
(0.033528 0.02032 0.02032)
(0.03361266667 0.02032 0.02032)
(0.03369733333 0.02032 0.02032)
(0.033782 0.02032 0.02032)
(0.03386666667 0.02032 0.02032)
(0.03395133333 0.02032 0.02032)
(0.034036 0.02032 0.02032)
(0.03412066667 0.02032 0.02032)
(0.03420533333 0.02032 0.02032)
(0.03429 0.02032 0.02032)
(0.03437466667 0.02032 0.02032)
(0.03445933333 0.02032 0.02032)
(0.034544 0.02032 0.02032)
(0.03462866667 0.02032 0.02032)
(0.03471333333 0.02032 0.02032)
(0.034798 0.02032 0.02032)
(0.03488266667 0.02032 0.02032)
(0.03496733333 0.02032 0.02032)
(0.035052 0.02032 0.02032)
(0.03513666667 0.02032 0.02032)
(0.03522133333 0.02032 0.02032)
(0.035306 0.02032 0.02032)
(0.03539066667 0.02032 0.02032)
(0.03547533333 0.02032 0.02032)
(0.03556 0.02032 0.02032)
(0.03564466667 0.02032 0.02032)
(0.03572933333 0.02032 0.02032)
(0.035814 0.02032 0.02032)
(0.03589866667 0.02032 0.02032)
(0.03598333333 0.02032 0.02032)
(0.036068 0.02032 0.02032)
(0.03615266667 0.02032 0.02032)
(0.03623733333 0.02032 0.02032)
(0.036322 0.02032 0.02032)
(0.03640666667 0.02032 0.02032)
(0.03649133333 0.02032 0.02032)
(0.036576 0.02032 0.02032)
(0.03666066667 0.02032 0.02032)
(0.03674533333 0.02032 0.02032)
(0.03683 0.02032 0.02032)
(0.03691466667 0.02032 0.02032)
(0.03699933333 0.02032 0.02032)
(0.037084 0.02032 0.02032)
(0.03716866667 0.02032 0.02032)
(0.03725333333 0.02032 0.02032)
(0.037338 0.02032 0.02032)
(0.03742266667 0.02032 0.02032)
(0.03750733333 0.02032 0.02032)
(0.037592 0.02032 0.02032)
(0.03767666667 0.02032 0.02032)
(0.03776133333 0.02032 0.02032)
(0.037846 0.02032 0.02032)
(0.03793066667 0.02032 0.02032)
(0.03801533333 0.02032 0.02032)
(0.0381 0.02032 0.02032)
(0.03818466667 0.02032 0.02032)
(0.03826933333 0.02032 0.02032)
(0.038354 0.02032 0.02032)
(0.03843866667 0.02032 0.02032)
(0.03852333333 0.02032 0.02032)
(0.038608 0.02032 0.02032)
(0.03869266667 0.02032 0.02032)
(0.03877733333 0.02032 0.02032)
(0.038862 0.02032 0.02032)
(0.03894666667 0.02032 0.02032)
(0.03903133333 0.02032 0.02032)
(0.039116 0.02032 0.02032)
(0.03920066667 0.02032 0.02032)
(0.03928533333 0.02032 0.02032)
(0.03937 0.02032 0.02032)
(0.03945466667 0.02032 0.02032)
(0.03953933333 0.02032 0.02032)
(0.039624 0.02032 0.02032)
(0.03970866667 0.02032 0.02032)
(0.03979333333 0.02032 0.02032)
(0.039878 0.02032 0.02032)
(0.03996266667 0.02032 0.02032)
(0.04004733333 0.02032 0.02032)
(0.040132 0.02032 0.02032)
(0.04021666667 0.02032 0.02032)
(0.04030133333 0.02032 0.02032)
(0.040386 0.02032 0.02032)
(0.04047066667 0.02032 0.02032)
(0.04055533333 0.02032 0.02032)
(0.04064 0.02032 0.02032)
(0.04072466667 0.02032 0.02032)
(0.04080933333 0.02032 0.02032)
(0.040894 0.02032 0.02032)
(0.04097866667 0.02032 0.02032)
(0.04106333333 0.02032 0.02032)
(0.041148 0.02032 0.02032)
(0.04123266667 0.02032 0.02032)
(0.04131733333 0.02032 0.02032)
(0.041402 0.02032 0.02032)
(0.04148666667 0.02032 0.02032)
(0.04157133333 0.02032 0.02032)
(0.041656 0.02032 0.02032)
(0.04174066667 0.02032 0.02032)
(0.04182533333 0.02032 0.02032)
(0.04191 0.02032 0.02032)
(0.04199466667 0.02032 0.02032)
(0.04207933333 0.02032 0.02032)
(0.042164 0.02032 0.02032)
(0.04224866667 0.02032 0.02032)
(0.04233333333 0.02032 0.02032)
(0.042418 0.02032 0.02032)
(0.04250266667 0.02032 0.02032)
(0.04258733333 0.02032 0.02032)
(0.042672 0.02032 0.02032)
(0.04275666667 0.02032 0.02032)
(0.04284133333 0.02032 0.02032)
(0.042926 0.02032 0.02032)
(0.04301066667 0.02032 0.02032)
(0.04309533333 0.02032 0.02032)
(0.04318 0.02032 0.02032)
(0.04326466667 0.02032 0.02032)
(0.04334933333 0.02032 0.02032)
(0.043434 0.02032 0.02032)
(0.04351866667 0.02032 0.02032)
(0.04360333333 0.02032 0.02032)
(0.043688 0.02032 0.02032)
(0.04377266667 0.02032 0.02032)
(0.04385733333 0.02032 0.02032)
(0.043942 0.02032 0.02032)
(0.04402666667 0.02032 0.02032)
(0.04411133333 0.02032 0.02032)
(0.044196 0.02032 0.02032)
(0.04428066667 0.02032 0.02032)
(0.04436533333 0.02032 0.02032)
(0.04445 0.02032 0.02032)
(0.04453466667 0.02032 0.02032)
(0.04461933333 0.02032 0.02032)
(0.044704 0.02032 0.02032)
(0.04478866667 0.02032 0.02032)
(0.04487333333 0.02032 0.02032)
(0.044958 0.02032 0.02032)
(0.04504266667 0.02032 0.02032)
(0.04512733333 0.02032 0.02032)
(0.045212 0.02032 0.02032)
(0.04529666667 0.02032 0.02032)
(0.04538133333 0.02032 0.02032)
(0.045466 0.02032 0.02032)
(0.04555066667 0.02032 0.02032)
(0.04563533333 0.02032 0.02032)
(0.04572 0.02032 0.02032)
(0.04580466667 0.02032 0.02032)
(0.04588933333 0.02032 0.02032)
(0.045974 0.02032 0.02032)
(0.04605866667 0.02032 0.02032)
(0.04614333333 0.02032 0.02032)
(0.046228 0.02032 0.02032)
(0.04631266667 0.02032 0.02032)
(0.04639733333 0.02032 0.02032)
(0.046482 0.02032 0.02032)
(0.04656666667 0.02032 0.02032)
(0.04665133333 0.02032 0.02032)
(0.046736 0.02032 0.02032)
(0.04682066667 0.02032 0.02032)
(0.04690533333 0.02032 0.02032)
(0.04699 0.02032 0.02032)
(0.04707466667 0.02032 0.02032)
(0.04715933333 0.02032 0.02032)
(0.047244 0.02032 0.02032)
(0.04732866667 0.02032 0.02032)
(0.04741333333 0.02032 0.02032)
(0.047498 0.02032 0.02032)
(0.04758266667 0.02032 0.02032)
(0.04766733333 0.02032 0.02032)
(0.047752 0.02032 0.02032)
(0.04783666667 0.02032 0.02032)
(0.04792133333 0.02032 0.02032)
(0.048006 0.02032 0.02032)
(0.04809066667 0.02032 0.02032)
(0.04817533333 0.02032 0.02032)
(0.04826 0.02032 0.02032)
(0.04834466667 0.02032 0.02032)
(0.04842933333 0.02032 0.02032)
(0.048514 0.02032 0.02032)
(0.04859866667 0.02032 0.02032)
(0.04868333333 0.02032 0.02032)
(0.048768 0.02032 0.02032)
(0.04885266667 0.02032 0.02032)
(0.04893733333 0.02032 0.02032)
(0.049022 0.02032 0.02032)
(0.04910666667 0.02032 0.02032)
(0.04919133333 0.02032 0.02032)
(0.049276 0.02032 0.02032)
(0.04936066667 0.02032 0.02032)
(0.04944533333 0.02032 0.02032)
(0.04953 0.02032 0.02032)
(0.04961466667 0.02032 0.02032)
(0.04969933333 0.02032 0.02032)
(0.049784 0.02032 0.02032)
(0.04986866667 0.02032 0.02032)
(0.04995333333 0.02032 0.02032)
(0.050038 0.02032 0.02032)
(0.05012266667 0.02032 0.02032)
(0.05020733333 0.02032 0.02032)
(0.050292 0.02032 0.02032)
(0.05037666667 0.02032 0.02032)
(0.05046133333 0.02032 0.02032)
(0.050546 0.02032 0.02032)
(0.05063066667 0.02032 0.02032)
(0.05071533333 0.02032 0.02032)
(0.0508 0.02032 0.02032)
)


// ************************************************************************* //
